interior point:
    no_obs
   2.6111463e+01
   2.5785058e+01
   2.9668446e+01
   2.8625134e+01
   2.9038281e+01

    six_obs
   1.2868443e+02
   1.3850163e+02
   1.3346676e+02
   1.3248022e+02
   1.3563188e+02

    valzer
   5.2121003e+02
   5.2479052e+02
   5.3134934e+02
   5.3119364e+02
   5.3499877e+02

sqp:
    no_obs
   2.1681787e+01
   2.2662675e+01
   2.7493912e+01
   2.7297464e+01
   2.7103722e+01

    six_obs
   1.0709385e+02
   1.1189061e+02
   1.1194230e+02
   1.1134938e+02
   1.1033451e+02

    valzer
   4.6651592e+02
   4.6823241e+02
   4.6899184e+02
   4.6847975e+02
   4.7182562e+02

active set:
    no_obs
   3.1355963e+01
   3.7157599e+01
   3.7332804e+01
   3.6474774e+01
   3.7232620e+01

    six_obs
   1.3371011e+02
   1.2898012e+02
   1.2849872e+02
   1.3108998e+02
   1.3454329e+02

    valzer
   2.7357849e+02
   2.8099992e+02
   2.7288670e+02
   2.7968909e+02
   2.7299378e+02
